Experimental Day: 2024-05-30 23:14:38.410973
mIoU: 0.7664943536728778
epochs:10
batch_size:1
learning_rate:1e-05
Data_set : ./datasets/