Experimental Day: 2024-06-03 07:22:25.201048
mIoU: 0.8853606356588485
epochs:50
batch_size:2
learning_rate:1e-05
Data_set : ./datasets/