Experimental Day: 2024-06-29 22:38:25.488904
mIoU: 0.9460832391337268
epochs:20
batch_size:3
learning_rate:1e-05
Data_set : MICCAI