Experimental Day: 2024-04-28 02:11:12.801986
mIoU: 0.7935800033284838
epochs:100
batch_size:4
learning_rate:1e-05
Data_set : ./datasets/ISBI/