Experimental Day: 2024-04-28 19:42:35.168831
mIoU: 0.8026448700350948
epochs:100
batch_size:4
learning_rate:1e-05
Data_set : ./datasets/ISBI/