Experimental Day: 2024-06-29 21:03:32.744159
mIoU: 0.9410650136195975
epochs:50
batch_size:3
learning_rate:1e-05
Data_set : MICCAI