Experimental Day: 2024-05-31 20:33:25.534322
mIoU: 0.8223537016998638
epochs:100
batch_size:1
learning_rate:1e-05
Data_set : ./datasets/