Experimental Day: 2024-06-02 20:29:50.756665
mIoU: 0.8553414231373204
epochs:20
batch_size:2
learning_rate:1e-05
Data_set : ./datasets/