Experimental Day: 2024-06-02 17:14:00.186275
mIoU: 0.8317563241487398
epochs:20
batch_size:2
learning_rate:1e-05
Data_set : ./datasets/