Experimental Day: 2024-06-02 15:10:24.317700
mIoU: 0.8161259900272743
epochs:20
batch_size:2
learning_rate:1e-05
Data_set : ./datasets/